topology: 3: 2 4 1
0.752190546864417663996960072836 3.46268987592754397389143913855e-06 -0.876990705815200999317937657906 -7.2163862347863574919250295725e-05 1.69291766861276271605163401546 -1.13447487586534834170994695546e-05 2.65881666364407731606434026617 -4.11679608384339874914501639092e-06 
0.742271350337196156310426431446 6.18382639551975224543982345704e-06 1.72622957044478075872007138969 1.03596021295803711814113162726e-05 -0.358563649712423160309526792844 -0.00011360487153373193436496635389 2.62163189635276161482124734903 -1.08908223071300683747718307526e-05 
0.383410959344365864787107511802 9.68702938805928812234478930687e-06 0.317742049010530935859719647851 -6.7462985986609143719376635584e-05 -0.311750868426576566161401160571 -0.000132463952173742584598678528884 -0.231755907195531629660933958803 -2.10522384981943325491481056044e-05 

0.164498312078986269613167792158 0.0001449533834084358791850777326 
-1.51477229005415470197704053135 7.57725548084701538802121500993e-05 
-1.53861812744632420191237542895 -1.88886985779559930581292248597e-05 
1.74936753053214522068969927204 0.000182461014254045941762605309577 
0.352397817591266371284319802726 0.000174102743185055496228166860284 

